#
#
#  Percent Identity  Matrix - created by Clustal2.1 
#
#

     1: p109        100.00   31.86   26.65   28.77   20.77   21.86   21.70   21.99   21.89   25.89   24.34   24.18   24.04   24.09   25.09   29.03
     2: p151         31.86  100.00   34.12   32.22   22.95   21.87   25.11   24.23   24.44   26.35   27.09   25.79   24.83   24.88   25.00   28.94
     3: p168         26.65   34.12  100.00   40.21   24.27   23.48   24.94   24.50   23.88   26.47   26.27   27.09   24.44   24.66   24.69   25.13
     4: p182         28.77   32.22   40.21  100.00   26.20   26.48   25.97   26.41   27.53   25.28   27.49   27.74   26.49   27.53   25.74   25.95
     5: p198         20.77   22.95   24.27   26.20  100.00   36.87   31.42   31.71   35.65   35.27   31.79   34.62   35.90   23.90   28.91   20.93
     6: p197         21.86   21.87   23.48   26.48   36.87  100.00   34.04   33.47   36.21   34.05   32.43   33.55   34.33   24.14   22.96   20.31
     7: p156         21.70   25.11   24.94   25.97   31.42   34.04  100.00   67.67   35.74   35.55   41.21   36.27   36.93   22.47   23.68   23.56
     8: p161         21.99   24.23   24.50   26.41   31.71   33.47   67.67  100.00   34.30   36.17   37.83   38.16   36.93   24.23   24.18   22.44
     9: p148         21.89   24.44   23.88   27.53   35.65   36.21   35.74   34.30  100.00   41.54   39.18   42.20   41.12   24.44   25.45   22.56
    10: p128         25.89   26.35   26.47   25.28   35.27   34.05   35.55   36.17   41.54  100.00   41.88   44.92   44.77   24.15   25.65   21.08
    11: p162         24.34   27.09   26.27   27.49   31.79   32.43   41.21   37.83   39.18   41.88  100.00   47.50   47.20   25.17   27.02   21.89
    12: p131         24.18   25.79   27.09   27.74   34.62   33.55   36.27   38.16   42.20   44.92   47.50  100.00   60.96   24.77   26.04   20.78
    13: p140         24.04   24.83   24.44   26.49   35.90   34.33   36.93   36.93   41.12   44.77   47.20   60.96  100.00   24.26   26.03   19.54
    14: p167         24.09   24.88   24.66   27.53   23.90   24.14   22.47   24.23   24.44   24.15   25.17   24.77   24.26  100.00   26.06   28.57
    15: p117         25.09   25.00   24.69   25.74   28.91   22.96   23.68   24.18   25.45   25.65   27.02   26.04   26.03   26.06  100.00   29.32
    16: p118         29.03   28.94   25.13   25.95   20.93   20.31   23.56   22.44   22.56   21.08   21.89   20.78   19.54   28.57   29.32  100.00